step_id,task,feedback,location,description,inventory,score,reward,is_done,summary,thought,action,error,final_reward
1,,,Kitchen,"I am sorry to announce that you are now in the kitchen. You begin to take stock of what's in the room. You scan the room for a fridge, and you find a fridge. Hmmm... what else, what else? You can make out a closed oven nearby. Were you looking for a table? Because look over there, it's a table. You see a knife on the table. You idly wonder how they came up with the name TextWorld for this place. It's pretty fitting. You can see a counter. On the counter you see a banana, a raw red potato, a red hot pepper, a red onion, a raw purple potato and a cookbook. You see a stove. But oh no! there's nothing on this piece of trash. This always happens!",You are carrying: a white onion.,0,0.0,False,I started in the kitchen.,,examine cookbook,,0.0
2,,"You open the copy of ""Cooking: A Modern Approach (3rd Ed.)"" and start reading: Recipe #1 --------- Gather all following ingredients and follow the directions to prepare this tasty meal. Ingredients: banana red hot pepper white onion red potato Directions: slice the banana fry the banana slice the red hot pepper roast the red hot pepper dice the white onion fry the white onion chop the red potato fry the red potato prepare meal",Kitchen,"I am sorry to announce that you are now in the kitchen. You begin to take stock of what's in the room. You scan the room for a fridge, and you find a fridge. Hmmm... what else, what else? You can make out a closed oven nearby. Were you looking for a table? Because look over there, it's a table. You see a knife on the table. You idly wonder how they came up with the name TextWorld for this place. It's pretty fitting. You can see a counter. On the counter you see a banana, a raw red potato, a red hot pepper, a red onion, a raw purple potato and a cookbook. You see a stove. But oh no! there's nothing on this piece of trash. This always happens!",You are carrying: a white onion.,0,0.0,False,"I started in the kitchen.  
I examined the cookbook → I learned the recipe: slice & fry banana; slice & roast red hot pepper; dice & fry white onion; chop & fry red potato; then prepare meal.",,take knife from table,,0.0
3,,You take the knife from the table.,Kitchen,"I am sorry to announce that you are now in the kitchen. You begin to take stock of what's in the room. You scan the room for a fridge, and you find a fridge. Hmmm... what else, what else? You can make out a closed oven nearby. Were you looking for a table? Because look over there, it's a table. The table appears to be empty. Oh! Why couldn't there just be stuff on it? You can see a counter. On the counter you see a banana, a raw red potato, a red hot pepper, a red onion, a raw purple potato and a cookbook. You see a stove. But oh no! there's nothing on this piece of trash. This always happens!",You are carrying: a knife and a white onion.,0,0.0,False,I took knife from table → the knife was added to my inventory,,take banana from counter,,0.0
4,,You take the banana from the counter. Your score has just gone up by one point.,Kitchen,"I am sorry to announce that you are now in the kitchen. You begin to take stock of what's in the room. You scan the room for a fridge, and you find a fridge. Hmmm... what else, what else? You can make out a closed oven nearby. Were you looking for a table? Because look over there, it's a table. The table appears to be empty. Oh! Why couldn't there just be stuff on it? You can see a counter. On the counter you see a raw red potato, a red hot pepper, a red onion, a raw purple potato and a cookbook. You see a stove. But oh no! there's nothing on this piece of trash. This always happens!","You are carrying: a banana, a knife and a white onion.",1,0.0,False,I took the banana from the counter → the banana was added to my inventory (capacity 3/4; score +1).,,take red hot pepper from counter,,0.07692307692307693
5,,You take the red hot pepper from the counter. Your score has just gone up by one point.,Kitchen,"I am sorry to announce that you are now in the kitchen. You begin to take stock of what's in the room. You scan the room for a fridge, and you find a fridge. Hmmm... what else, what else? You can make out a closed oven nearby. Were you looking for a table? Because look over there, it's a table. The table appears to be empty. Oh! Why couldn't there just be stuff on it? You can see a counter. On the counter you see a raw red potato, a red onion, a raw purple potato and a cookbook. You see a stove. But oh no! there's nothing on this piece of trash. This always happens!","You are carrying: a red hot pepper, a banana, a knife and a white onion.",2,0.0,False,"I took the banana from the counter → the banana was added to my inventory.  
I took the red hot pepper from the counter → the red hot pepper was added to my inventory; my inventory became full (4/4).",,drop knife,,0.15384615384615385
6,,You drop the knife on the ground.,Kitchen,"I am sorry to announce that you are now in the kitchen. You begin to take stock of what's in the room. You scan the room for a fridge, and you find a fridge. Hmmm... what else, what else? You can make out a closed oven nearby. Were you looking for a table? Because look over there, it's a table. The table appears to be empty. Oh! Why couldn't there just be stuff on it? You can see a counter. On the counter you see a raw red potato, a red onion, a raw purple potato and a cookbook. You see a stove. But oh no! there's nothing on this piece of trash. This always happens! There is a knife on the floor.","You are carrying: a red hot pepper, a banana and a white onion.",2,0.0,False,"I dropped knife → the knife was removed from my inventory and left on the kitchen floor, freeing 1 inventory slot",,take red potato from counter,,0.15384615384615385
7,,You take the red potato from the counter. Your score has just gone up by one point.,Kitchen,"I am sorry to announce that you are now in the kitchen. You begin to take stock of what's in the room. You scan the room for a fridge, and you find a fridge. Hmmm... what else, what else? You can make out a closed oven nearby. Were you looking for a table? Because look over there, it's a table. The table appears to be empty. Oh! Why couldn't there just be stuff on it? You can see a counter. On the counter you see a red onion, a raw purple potato and a cookbook. You see a stove. But oh no! there's nothing on this piece of trash. This always happens! There is a knife on the floor.","You are carrying: a raw red potato, a red hot pepper, a banana and a white onion.",3,0.0,False,I took the red potato from the counter → the raw red potato was added to my inventory; my inventory became full (4/4) and my score increased by 1.,,drop banana,,0.23076923076923078
8,,You drop the banana on the ground.,Kitchen,"I am sorry to announce that you are now in the kitchen. You begin to take stock of what's in the room. You scan the room for a fridge, and you find a fridge. Hmmm... what else, what else? You can make out a closed oven nearby. Were you looking for a table? Because look over there, it's a table. The table appears to be empty. Oh! Why couldn't there just be stuff on it? You can see a counter. On the counter you see a red onion, a raw purple potato and a cookbook. You see a stove. But oh no! there's nothing on this piece of trash. This always happens! There is a banana and a knife on the floor.","You are carrying: a raw red potato, a red hot pepper and a white onion.",3,0.0,False,"I dropped banana → the banana was removed from my inventory and left on the kitchen floor, freeing 1 inventory slot",,take knife from floor,,0.23076923076923078
9,,You pick up the knife from the ground.,Kitchen,"I am sorry to announce that you are now in the kitchen. You begin to take stock of what's in the room. You scan the room for a fridge, and you find a fridge. Hmmm... what else, what else? You can make out a closed oven nearby. Were you looking for a table? Because look over there, it's a table. The table appears to be empty. Oh! Why couldn't there just be stuff on it? You can see a counter. On the counter you see a red onion, a raw purple potato and a cookbook. You see a stove. But oh no! there's nothing on this piece of trash. This always happens! There is a banana on the floor.","You are carrying: a knife, a raw red potato, a red hot pepper and a white onion.",3,0.0,False,"I took the knife from the floor → the knife was added to my inventory, filling it to capacity (4/4).",,slice banana with knife,,0.23076923076923078
10,,You need to take the banana first.,Kitchen,"I am sorry to announce that you are now in the kitchen. You begin to take stock of what's in the room. You scan the room for a fridge, and you find a fridge. Hmmm... what else, what else? You can make out a closed oven nearby. Were you looking for a table? Because look over there, it's a table. The table appears to be empty. Oh! Why couldn't there just be stuff on it? You can see a counter. On the counter you see a red onion, a raw purple potato and a cookbook. You see a stove. But oh no! there's nothing on this piece of trash. This always happens! There is a banana on the floor.","You are carrying: a knife, a raw red potato, a red hot pepper and a white onion.",3,0.0,False,I sliced banana with knife → I failed because the banana wasn’t in my inventory (I need to take it first).,,drop red hot pepper,,0.23076923076923078
11,,You drop the red hot pepper on the ground.,Kitchen,"I am sorry to announce that you are now in the kitchen. You begin to take stock of what's in the room. You scan the room for a fridge, and you find a fridge. Hmmm... what else, what else? You can make out a closed oven nearby. Were you looking for a table? Because look over there, it's a table. The table appears to be empty. Oh! Why couldn't there just be stuff on it? You can see a counter. On the counter you see a red onion, a raw purple potato and a cookbook. You see a stove. But oh no! there's nothing on this piece of trash. This always happens! There is a red hot pepper and a banana on the floor.","You are carrying: a knife, a raw red potato and a white onion.",3,0.0,False,I dropped the red hot pepper → the red hot pepper was left on the kitchen floor; my inventory freed 1 slot (now 3/4).,,take banana,,0.23076923076923078
12,,You pick up the banana from the ground.,Kitchen,"I am sorry to announce that you are now in the kitchen. You begin to take stock of what's in the room. You scan the room for a fridge, and you find a fridge. Hmmm... what else, what else? You can make out a closed oven nearby. Were you looking for a table? Because look over there, it's a table. The table appears to be empty. Oh! Why couldn't there just be stuff on it? You can see a counter. On the counter you see a red onion, a raw purple potato and a cookbook. You see a stove. But oh no! there's nothing on this piece of trash. This always happens! There is a red hot pepper on the floor.","You are carrying: a banana, a knife, a raw red potato and a white onion.",3,0.0,False,"I took the red hot pepper → I dropped it on the kitchen floor, freeing 1 inventory slot.  
I took the banana → the banana was added to my inventory, filling it to capacity (4/4).",,slice banana with knife,,0.23076923076923078
13,,You slice the banana. Your score has just gone up by one point.,Kitchen,"I am sorry to announce that you are now in the kitchen. You begin to take stock of what's in the room. You scan the room for a fridge, and you find a fridge. Hmmm... what else, what else? You can make out a closed oven nearby. Were you looking for a table? Because look over there, it's a table. The table appears to be empty. Oh! Why couldn't there just be stuff on it? You can see a counter. On the counter you see a red onion, a raw purple potato and a cookbook. You see a stove. But oh no! there's nothing on this piece of trash. This always happens! There is a red hot pepper on the floor.","You are carrying: a sliced banana, a knife, a raw red potato and a white onion.",4,0.0,False,I sliced banana with knife → the banana became sliced and my score increased by 1.,,dice white onion with knife,,0.3076923076923077
14,,You dice the white onion. Your score has just gone up by one point.,Kitchen,"I am sorry to announce that you are now in the kitchen. You begin to take stock of what's in the room. You scan the room for a fridge, and you find a fridge. Hmmm... what else, what else? You can make out a closed oven nearby. Were you looking for a table? Because look over there, it's a table. The table appears to be empty. Oh! Why couldn't there just be stuff on it? You can see a counter. On the counter you see a red onion, a raw purple potato and a cookbook. You see a stove. But oh no! there's nothing on this piece of trash. This always happens! There is a red hot pepper on the floor.","You are carrying: a sliced banana, a knife, a raw red potato and a diced white onion.",5,0.0,False,"I sliced the banana with the knife → the banana became sliced and my score increased by 1.  
I diced the white onion with the knife → the white onion became diced and my score increased by 1.",,chop raw red potato with knife,,0.38461538461538464
15,,You chop the red potato. Your score has just gone up by one point.,Kitchen,"I am sorry to announce that you are now in the kitchen. You begin to take stock of what's in the room. You scan the room for a fridge, and you find a fridge. Hmmm... what else, what else? You can make out a closed oven nearby. Were you looking for a table? Because look over there, it's a table. The table appears to be empty. Oh! Why couldn't there just be stuff on it? You can see a counter. On the counter you see a red onion, a raw purple potato and a cookbook. You see a stove. But oh no! there's nothing on this piece of trash. This always happens! There is a red hot pepper on the floor.","You are carrying: a sliced banana, a knife, a chopped raw red potato and a diced white onion.",6,0.0,False,I chopped the raw red potato with the knife → the red potato became chopped and my score increased by 1.,,drop knife,,0.46153846153846156
16,,You drop the knife on the ground.,Kitchen,"I am sorry to announce that you are now in the kitchen. You begin to take stock of what's in the room. You scan the room for a fridge, and you find a fridge. Hmmm... what else, what else? You can make out a closed oven nearby. Were you looking for a table? Because look over there, it's a table. The table appears to be empty. Oh! Why couldn't there just be stuff on it? You can see a counter. On the counter you see a red onion, a raw purple potato and a cookbook. You see a stove. But oh no! there's nothing on this piece of trash. This always happens! There is a knife and a red hot pepper on the floor.","You are carrying: a sliced banana, a chopped raw red potato and a diced white onion.",6,0.0,False,"I dropped knife → the knife was removed from my inventory and left on the kitchen floor, freeing 1 inventory slot",,take red hot pepper,,0.46153846153846156
17,,You pick up the red hot pepper from the ground.,Kitchen,"I am sorry to announce that you are now in the kitchen. You begin to take stock of what's in the room. You scan the room for a fridge, and you find a fridge. Hmmm... what else, what else? You can make out a closed oven nearby. Were you looking for a table? Because look over there, it's a table. The table appears to be empty. Oh! Why couldn't there just be stuff on it? You can see a counter. On the counter you see a red onion, a raw purple potato and a cookbook. You see a stove. But oh no! there's nothing on this piece of trash. This always happens! There is a knife on the floor.","You are carrying: a red hot pepper, a sliced banana, a chopped raw red potato and a diced white onion.",6,0.0,False,"I took the red hot pepper from the ground → the red hot pepper was added to my inventory, filling it to capacity (4/4).",,drop red hot pepper,,0.46153846153846156
18,,You drop the red hot pepper on the ground.,Kitchen,"I am sorry to announce that you are now in the kitchen. You begin to take stock of what's in the room. You scan the room for a fridge, and you find a fridge. Hmmm... what else, what else? You can make out a closed oven nearby. Were you looking for a table? Because look over there, it's a table. The table appears to be empty. Oh! Why couldn't there just be stuff on it? You can see a counter. On the counter you see a red onion, a raw purple potato and a cookbook. You see a stove. But oh no! there's nothing on this piece of trash. This always happens! There is a red hot pepper and a knife on the floor.","You are carrying: a sliced banana, a chopped raw red potato and a diced white onion.",6,0.0,False,"I dropped red hot pepper → the red hot pepper was left on the kitchen floor, freeing 1 inventory slot (now 3/4).",,take knife from floor,,0.46153846153846156
19,,You pick up the knife from the ground.,Kitchen,"I am sorry to announce that you are now in the kitchen. You begin to take stock of what's in the room. You scan the room for a fridge, and you find a fridge. Hmmm... what else, what else? You can make out a closed oven nearby. Were you looking for a table? Because look over there, it's a table. The table appears to be empty. Oh! Why couldn't there just be stuff on it? You can see a counter. On the counter you see a red onion, a raw purple potato and a cookbook. You see a stove. But oh no! there's nothing on this piece of trash. This always happens! There is a red hot pepper on the floor.","You are carrying: a knife, a sliced banana, a chopped raw red potato and a diced white onion.",6,0.0,False,"I took the knife from the floor → the knife was added to my inventory, filling it to capacity (4/4).",,drop knife,,0.46153846153846156
20,,You drop the knife on the ground.,Kitchen,"I am sorry to announce that you are now in the kitchen. You begin to take stock of what's in the room. You scan the room for a fridge, and you find a fridge. Hmmm... what else, what else? You can make out a closed oven nearby. Were you looking for a table? Because look over there, it's a table. The table appears to be empty. Oh! Why couldn't there just be stuff on it? You can see a counter. On the counter you see a red onion, a raw purple potato and a cookbook. You see a stove. But oh no! there's nothing on this piece of trash. This always happens! There is a knife and a red hot pepper on the floor.","You are carrying: a sliced banana, a chopped raw red potato and a diced white onion.",6,0.0,False,"I dropped knife → the knife was left on the kitchen floor, freeing 1 inventory slot (now 3/4).",,take red hot pepper from floor,,0.46153846153846156
21,,You pick up the red hot pepper from the ground.,Kitchen,"I am sorry to announce that you are now in the kitchen. You begin to take stock of what's in the room. You scan the room for a fridge, and you find a fridge. Hmmm... what else, what else? You can make out a closed oven nearby. Were you looking for a table? Because look over there, it's a table. The table appears to be empty. Oh! Why couldn't there just be stuff on it? You can see a counter. On the counter you see a red onion, a raw purple potato and a cookbook. You see a stove. But oh no! there's nothing on this piece of trash. This always happens! There is a knife on the floor.","You are carrying: a red hot pepper, a sliced banana, a chopped raw red potato and a diced white onion.",6,0.0,False,"I took red hot pepper from floor → the red hot pepper was added to my inventory, filling it to capacity (4/4).",,take knife from floor,,0.46153846153846156
22,,You're carrying too many things already.,Kitchen,"I am sorry to announce that you are now in the kitchen. You begin to take stock of what's in the room. You scan the room for a fridge, and you find a fridge. Hmmm... what else, what else? You can make out a closed oven nearby. Were you looking for a table? Because look over there, it's a table. The table appears to be empty. Oh! Why couldn't there just be stuff on it? You can see a counter. On the counter you see a red onion, a raw purple potato and a cookbook. You see a stove. But oh no! there's nothing on this piece of trash. This always happens! There is a knife on the floor.","You are carrying: a red hot pepper, a sliced banana, a chopped raw red potato and a diced white onion.",6,0.0,False,I took the knife from the floor → I failed because my inventory was full (4/4).,,cook red hot pepper with oven,,0.46153846153846156
23,,You roasted the red hot pepper. Your score has just gone up by one point.,Kitchen,"I am sorry to announce that you are now in the kitchen. You begin to take stock of what's in the room. You scan the room for a fridge, and you find a fridge. Hmmm... what else, what else? You can make out a closed oven nearby. Were you looking for a table? Because look over there, it's a table. The table appears to be empty. Oh! Why couldn't there just be stuff on it? You can see a counter. On the counter you see a red onion, a raw purple potato and a cookbook. You see a stove. But oh no! there's nothing on this piece of trash. This always happens! There is a knife on the floor.","You are carrying: a roasted red hot pepper, a sliced banana, a chopped raw red potato and a diced white onion.",7,0.0,False,I cooked the red hot pepper with the oven → the red hot pepper was roasted and my score increased by 1.,,cook sliced banana with stove,,0.5384615384615384
24,,You fried the banana. Your score has just gone up by one point.,Kitchen,"I am sorry to announce that you are now in the kitchen. You begin to take stock of what's in the room. You scan the room for a fridge, and you find a fridge. Hmmm... what else, what else? You can make out a closed oven nearby. Were you looking for a table? Because look over there, it's a table. The table appears to be empty. Oh! Why couldn't there just be stuff on it? You can see a counter. On the counter you see a red onion, a raw purple potato and a cookbook. You see a stove. But oh no! there's nothing on this piece of trash. This always happens! There is a knife on the floor.","You are carrying: a roasted red hot pepper, a sliced fried banana, a chopped raw red potato and a diced white onion.",8,0.0,False,"I cooked the red hot pepper with the oven → the red hot pepper became roasted and my score increased by 1.  
I cooked the sliced banana with the stove → the banana became sliced fried and my score increased by 1.",,cook diced white onion with stove,,0.6153846153846154
25,,You fried the white onion. Your score has just gone up by one point.,Kitchen,"I am sorry to announce that you are now in the kitchen. You begin to take stock of what's in the room. You scan the room for a fridge, and you find a fridge. Hmmm... what else, what else? You can make out a closed oven nearby. Were you looking for a table? Because look over there, it's a table. The table appears to be empty. Oh! Why couldn't there just be stuff on it? You can see a counter. On the counter you see a red onion, a raw purple potato and a cookbook. You see a stove. But oh no! there's nothing on this piece of trash. This always happens! There is a knife on the floor.","You are carrying: a roasted red hot pepper, a sliced fried banana, a chopped raw red potato and a diced fried white onion.",9,0.0,False,cook diced white onion with stove → the diced white onion was fried (now diced fried white onion) and my score increased by 1,,cook chopped raw red potato with stove,,0.6923076923076923
26,,You fried the red potato. Your score has just gone up by one point.,Kitchen,"I am sorry to announce that you are now in the kitchen. You begin to take stock of what's in the room. You scan the room for a fridge, and you find a fridge. Hmmm... what else, what else? You can make out a closed oven nearby. Were you looking for a table? Because look over there, it's a table. The table appears to be empty. Oh! Why couldn't there just be stuff on it? You can see a counter. On the counter you see a red onion, a raw purple potato and a cookbook. You see a stove. But oh no! there's nothing on this piece of trash. This always happens! There is a knife on the floor.","You are carrying: a roasted red hot pepper, a sliced fried banana, a chopped fried red potato and a diced fried white onion.",10,0.0,False,I cooked the chopped raw red potato with the stove → the red potato became chopped fried and my score increased by 1.,,prepare meal,,0.7692307692307693
27,,Something still needs to be cut.,Kitchen,"I am sorry to announce that you are now in the kitchen. You begin to take stock of what's in the room. You scan the room for a fridge, and you find a fridge. Hmmm... what else, what else? You can make out a closed oven nearby. Were you looking for a table? Because look over there, it's a table. The table appears to be empty. Oh! Why couldn't there just be stuff on it? You can see a counter. On the counter you see a red onion, a raw purple potato and a cookbook. You see a stove. But oh no! there's nothing on this piece of trash. This always happens! There is a knife on the floor.","You are carrying: a roasted red hot pepper, a sliced fried banana, a chopped fried red potato and a diced fried white onion.",10,0.0,False,I prepared meal → I failed because something still needed to be cut.,,take knife from floor,,0.7692307692307693
28,,You're carrying too many things already.,Kitchen,"I am sorry to announce that you are now in the kitchen. You begin to take stock of what's in the room. You scan the room for a fridge, and you find a fridge. Hmmm... what else, what else? You can make out a closed oven nearby. Were you looking for a table? Because look over there, it's a table. The table appears to be empty. Oh! Why couldn't there just be stuff on it? You can see a counter. On the counter you see a red onion, a raw purple potato and a cookbook. You see a stove. But oh no! there's nothing on this piece of trash. This always happens! There is a knife on the floor.","You are carrying: a roasted red hot pepper, a sliced fried banana, a chopped fried red potato and a diced fried white onion.",10,0.0,False,"I took the knife from the floor → I failed because my inventory was full (4/4), so the knife stayed on the floor.",,drop roasted red hot pepper,,0.7692307692307693
29,,You drop the red hot pepper on the ground.,Kitchen,"I am sorry to announce that you are now in the kitchen. You begin to take stock of what's in the room. You scan the room for a fridge, and you find a fridge. Hmmm... what else, what else? You can make out a closed oven nearby. Were you looking for a table? Because look over there, it's a table. The table appears to be empty. Oh! Why couldn't there just be stuff on it? You can see a counter. On the counter you see a red onion, a raw purple potato and a cookbook. You see a stove. But oh no! there's nothing on this piece of trash. This always happens! There is a roasted red hot pepper and a knife on the floor.","You are carrying: a sliced fried banana, a chopped fried red potato and a diced fried white onion.",10,0.0,False,"I dropped roasted red hot pepper → the roasted red hot pepper was left on the kitchen floor, freeing 1 inventory slot (now 3/4).",,take knife from floor,,0.7692307692307693
30,,You pick up the knife from the ground.,Kitchen,"I am sorry to announce that you are now in the kitchen. You begin to take stock of what's in the room. You scan the room for a fridge, and you find a fridge. Hmmm... what else, what else? You can make out a closed oven nearby. Were you looking for a table? Because look over there, it's a table. The table appears to be empty. Oh! Why couldn't there just be stuff on it? You can see a counter. On the counter you see a red onion, a raw purple potato and a cookbook. You see a stove. But oh no! there's nothing on this piece of trash. This always happens! There is a roasted red hot pepper on the floor.","You are carrying: a knife, a sliced fried banana, a chopped fried red potato and a diced fried white onion.",10,0.0,False,"take knife from floor → I picked up the knife from the ground, filling my inventory to capacity (4/4).",,drop knife,,0.7692307692307693
31,,You drop the knife on the ground.,Kitchen,"I am sorry to announce that you are now in the kitchen. You begin to take stock of what's in the room. You scan the room for a fridge, and you find a fridge. Hmmm... what else, what else? You can make out a closed oven nearby. Were you looking for a table? Because look over there, it's a table. The table appears to be empty. Oh! Why couldn't there just be stuff on it? You can see a counter. On the counter you see a red onion, a raw purple potato and a cookbook. You see a stove. But oh no! there's nothing on this piece of trash. This always happens! There is a knife and a roasted red hot pepper on the floor.","You are carrying: a sliced fried banana, a chopped fried red potato and a diced fried white onion.",10,0.0,False,"I dropped knife → the knife was removed from my inventory and left on the kitchen floor, freeing 1 inventory slot (3/4).",,take roasted red hot pepper,,0.7692307692307693
32,,You pick up the red hot pepper from the ground.,Kitchen,"I am sorry to announce that you are now in the kitchen. You begin to take stock of what's in the room. You scan the room for a fridge, and you find a fridge. Hmmm... what else, what else? You can make out a closed oven nearby. Were you looking for a table? Because look over there, it's a table. The table appears to be empty. Oh! Why couldn't there just be stuff on it? You can see a counter. On the counter you see a red onion, a raw purple potato and a cookbook. You see a stove. But oh no! there's nothing on this piece of trash. This always happens! There is a knife on the floor.","You are carrying: a roasted red hot pepper, a sliced fried banana, a chopped fried red potato and a diced fried white onion.",10,0.0,False,"I took the roasted red hot pepper → the roasted red hot pepper was added to my inventory, filling it to capacity (4/4).",,prepare meal,,0.7692307692307693
33,,Something still needs to be cut.,Kitchen,"I am sorry to announce that you are now in the kitchen. You begin to take stock of what's in the room. You scan the room for a fridge, and you find a fridge. Hmmm... what else, what else? You can make out a closed oven nearby. Were you looking for a table? Because look over there, it's a table. The table appears to be empty. Oh! Why couldn't there just be stuff on it? You can see a counter. On the counter you see a red onion, a raw purple potato and a cookbook. You see a stove. But oh no! there's nothing on this piece of trash. This always happens! There is a knife on the floor.","You are carrying: a roasted red hot pepper, a sliced fried banana, a chopped fried red potato and a diced fried white onion.",10,0.0,False,I prepared meal → I failed because something still needed to be cut.,,drop roasted red hot pepper,,0.7692307692307693
34,,You drop the red hot pepper on the ground.,Kitchen,"I am sorry to announce that you are now in the kitchen. You begin to take stock of what's in the room. You scan the room for a fridge, and you find a fridge. Hmmm... what else, what else? You can make out a closed oven nearby. Were you looking for a table? Because look over there, it's a table. The table appears to be empty. Oh! Why couldn't there just be stuff on it? You can see a counter. On the counter you see a red onion, a raw purple potato and a cookbook. You see a stove. But oh no! there's nothing on this piece of trash. This always happens! There is a roasted red hot pepper and a knife on the floor.","You are carrying: a sliced fried banana, a chopped fried red potato and a diced fried white onion.",10,0.0,False,"drop roasted red hot pepper → I dropped the roasted red hot pepper on the kitchen floor, freeing 1 inventory slot (now 3/4).",,take knife from floor,,0.7692307692307693
35,,You pick up the knife from the ground.,Kitchen,"I am sorry to announce that you are now in the kitchen. You begin to take stock of what's in the room. You scan the room for a fridge, and you find a fridge. Hmmm... what else, what else? You can make out a closed oven nearby. Were you looking for a table? Because look over there, it's a table. The table appears to be empty. Oh! Why couldn't there just be stuff on it? You can see a counter. On the counter you see a red onion, a raw purple potato and a cookbook. You see a stove. But oh no! there's nothing on this piece of trash. This always happens! There is a roasted red hot pepper on the floor.","You are carrying: a knife, a sliced fried banana, a chopped fried red potato and a diced fried white onion.",10,0.0,False,"I took the knife from the floor → the knife was added to my inventory, filling it to capacity (4/4).",,drop knife,,0.7692307692307693
36,,You drop the knife on the ground.,Kitchen,"I am sorry to announce that you are now in the kitchen. You begin to take stock of what's in the room. You scan the room for a fridge, and you find a fridge. Hmmm... what else, what else? You can make out a closed oven nearby. Were you looking for a table? Because look over there, it's a table. The table appears to be empty. Oh! Why couldn't there just be stuff on it? You can see a counter. On the counter you see a red onion, a raw purple potato and a cookbook. You see a stove. But oh no! there's nothing on this piece of trash. This always happens! There is a knife and a roasted red hot pepper on the floor.","You are carrying: a sliced fried banana, a chopped fried red potato and a diced fried white onion.",10,0.0,False,"I dropped the knife → the knife was left on the kitchen floor, freeing 1 inventory slot (now 3/4).",,take roasted red hot pepper,,0.7692307692307693
37,,You pick up the red hot pepper from the ground.,Kitchen,"I am sorry to announce that you are now in the kitchen. You begin to take stock of what's in the room. You scan the room for a fridge, and you find a fridge. Hmmm... what else, what else? You can make out a closed oven nearby. Were you looking for a table? Because look over there, it's a table. The table appears to be empty. Oh! Why couldn't there just be stuff on it? You can see a counter. On the counter you see a red onion, a raw purple potato and a cookbook. You see a stove. But oh no! there's nothing on this piece of trash. This always happens! There is a knife on the floor.","You are carrying: a roasted red hot pepper, a sliced fried banana, a chopped fried red potato and a diced fried white onion.",10,0.0,False,I took the roasted red hot pepper from the floor → the roasted red hot pepper was added to my inventory (now full at 4/4).,,prepare meal,,0.7692307692307693
38,,Something still needs to be cut.,Kitchen,"I am sorry to announce that you are now in the kitchen. You begin to take stock of what's in the room. You scan the room for a fridge, and you find a fridge. Hmmm... what else, what else? You can make out a closed oven nearby. Were you looking for a table? Because look over there, it's a table. The table appears to be empty. Oh! Why couldn't there just be stuff on it? You can see a counter. On the counter you see a red onion, a raw purple potato and a cookbook. You see a stove. But oh no! there's nothing on this piece of trash. This always happens! There is a knife on the floor.","You are carrying: a roasted red hot pepper, a sliced fried banana, a chopped fried red potato and a diced fried white onion.",10,0.0,False,I prepared meal → I failed because something still needed to be cut.,,drop roasted red hot pepper,,0.7692307692307693
39,,You drop the red hot pepper on the ground.,Kitchen,"I am sorry to announce that you are now in the kitchen. You begin to take stock of what's in the room. You scan the room for a fridge, and you find a fridge. Hmmm... what else, what else? You can make out a closed oven nearby. Were you looking for a table? Because look over there, it's a table. The table appears to be empty. Oh! Why couldn't there just be stuff on it? You can see a counter. On the counter you see a red onion, a raw purple potato and a cookbook. You see a stove. But oh no! there's nothing on this piece of trash. This always happens! There is a roasted red hot pepper and a knife on the floor.","You are carrying: a sliced fried banana, a chopped fried red potato and a diced fried white onion.",10,0.0,False,"drop roasted red hot pepper → I dropped the roasted red hot pepper on the kitchen floor, freeing 1 inventory slot (now 3/4).",,take knife from floor,,0.7692307692307693
40,,You pick up the knife from the ground.,Kitchen,"I am sorry to announce that you are now in the kitchen. You begin to take stock of what's in the room. You scan the room for a fridge, and you find a fridge. Hmmm... what else, what else? You can make out a closed oven nearby. Were you looking for a table? Because look over there, it's a table. The table appears to be empty. Oh! Why couldn't there just be stuff on it? You can see a counter. On the counter you see a red onion, a raw purple potato and a cookbook. You see a stove. But oh no! there's nothing on this piece of trash. This always happens! There is a roasted red hot pepper on the floor.","You are carrying: a knife, a sliced fried banana, a chopped fried red potato and a diced fried white onion.",10,0.0,False,"I took knife from floor → the knife was added to my inventory, filling it to capacity (4/4).",,slice red hot pepper with knife,,0.7692307692307693
41,,You need to take the red hot pepper first.,Kitchen,"I am sorry to announce that you are now in the kitchen. You begin to take stock of what's in the room. You scan the room for a fridge, and you find a fridge. Hmmm... what else, what else? You can make out a closed oven nearby. Were you looking for a table? Because look over there, it's a table. The table appears to be empty. Oh! Why couldn't there just be stuff on it? You can see a counter. On the counter you see a red onion, a raw purple potato and a cookbook. You see a stove. But oh no! there's nothing on this piece of trash. This always happens! There is a roasted red hot pepper on the floor.","You are carrying: a knife, a sliced fried banana, a chopped fried red potato and a diced fried white onion.",10,0.0,False,"I sliced red hot pepper with knife → I failed because I needed to take the red hot pepper first (it was on the floor, not in my inventory).",,drop knife,,0.7692307692307693
42,,You drop the knife on the ground.,Kitchen,"I am sorry to announce that you are now in the kitchen. You begin to take stock of what's in the room. You scan the room for a fridge, and you find a fridge. Hmmm... what else, what else? You can make out a closed oven nearby. Were you looking for a table? Because look over there, it's a table. The table appears to be empty. Oh! Why couldn't there just be stuff on it? You can see a counter. On the counter you see a red onion, a raw purple potato and a cookbook. You see a stove. But oh no! there's nothing on this piece of trash. This always happens! There is a knife and a roasted red hot pepper on the floor.","You are carrying: a sliced fried banana, a chopped fried red potato and a diced fried white onion.",10,0.0,False,"I dropped knife → the knife was left on the kitchen floor, freeing 1 inventory slot (now 3/4).",,take roasted red hot pepper,,0.7692307692307693
43,,You pick up the red hot pepper from the ground.,Kitchen,"I am sorry to announce that you are now in the kitchen. You begin to take stock of what's in the room. You scan the room for a fridge, and you find a fridge. Hmmm... what else, what else? You can make out a closed oven nearby. Were you looking for a table? Because look over there, it's a table. The table appears to be empty. Oh! Why couldn't there just be stuff on it? You can see a counter. On the counter you see a red onion, a raw purple potato and a cookbook. You see a stove. But oh no! there's nothing on this piece of trash. This always happens! There is a knife on the floor.","You are carrying: a roasted red hot pepper, a sliced fried banana, a chopped fried red potato and a diced fried white onion.",10,0.0,False,"I took the roasted red hot pepper from the floor → the roasted red hot pepper was added to my inventory, filling it to capacity (4/4).",,drop roasted red hot pepper,,0.7692307692307693
44,,You drop the red hot pepper on the ground.,Kitchen,"I am sorry to announce that you are now in the kitchen. You begin to take stock of what's in the room. You scan the room for a fridge, and you find a fridge. Hmmm... what else, what else? You can make out a closed oven nearby. Were you looking for a table? Because look over there, it's a table. The table appears to be empty. Oh! Why couldn't there just be stuff on it? You can see a counter. On the counter you see a red onion, a raw purple potato and a cookbook. You see a stove. But oh no! there's nothing on this piece of trash. This always happens! There is a roasted red hot pepper and a knife on the floor.","You are carrying: a sliced fried banana, a chopped fried red potato and a diced fried white onion.",10,0.0,False,"I dropped roasted red hot pepper → the roasted red hot pepper was left on the kitchen floor, freeing 1 inventory slot (now 3/4).",,take knife from floor,,0.7692307692307693
45,,You pick up the knife from the ground.,Kitchen,"I am sorry to announce that you are now in the kitchen. You begin to take stock of what's in the room. You scan the room for a fridge, and you find a fridge. Hmmm... what else, what else? You can make out a closed oven nearby. Were you looking for a table? Because look over there, it's a table. The table appears to be empty. Oh! Why couldn't there just be stuff on it? You can see a counter. On the counter you see a red onion, a raw purple potato and a cookbook. You see a stove. But oh no! there's nothing on this piece of trash. This always happens! There is a roasted red hot pepper on the floor.","You are carrying: a knife, a sliced fried banana, a chopped fried red potato and a diced fried white onion.",10,0.0,False,"I took knife from floor → the knife was added to my inventory, filling it to capacity (4/4).",,drop knife,,0.7692307692307693
46,,You drop the knife on the ground.,Kitchen,"I am sorry to announce that you are now in the kitchen. You begin to take stock of what's in the room. You scan the room for a fridge, and you find a fridge. Hmmm... what else, what else? You can make out a closed oven nearby. Were you looking for a table? Because look over there, it's a table. The table appears to be empty. Oh! Why couldn't there just be stuff on it? You can see a counter. On the counter you see a red onion, a raw purple potato and a cookbook. You see a stove. But oh no! there's nothing on this piece of trash. This always happens! There is a knife and a roasted red hot pepper on the floor.","You are carrying: a sliced fried banana, a chopped fried red potato and a diced fried white onion.",10,0.0,False,"I dropped knife → the knife was left on the kitchen floor, freeing 1 inventory slot (now 3/4).",,take roasted red hot pepper,,0.7692307692307693
